Point(1) = {0.0, 0.0, 0.0};
Point(2) = {0.000000, 15.000000, 0.0, 5.000000};
Point(3) = {4.907920, 14.174354, 0.0, 5.000000};
Point(4) = {0.000000, 15.000000, 10.000000, 5.000000};
Point(5) = {4.907920, 14.174354, 10.000000, 5.000000};
Line(1) = {2, 3};
Line(2) = {3, 5};
Line(3) = {5, 4};
Line(4) = {4, 2};
Point(6) = {10.606602, 10.606602, 0.0, 5.000000};
Point(7) = {13.493206, 6.552358, 0.0, 5.000000};
Point(8) = {10.606602, 10.606602, 10.000000, 5.000000};
Point(9) = {13.493206, 6.552358, 10.000000, 5.000000};
Line(5) = {6, 7};
Line(6) = {7, 9};
Line(7) = {9, 8};
Line(8) = {8, 6};
Point(10) = {15.000000, 0.000000, 0.0, 5.000000};
Point(11) = {14.174354, -4.907920, 0.0, 5.000000};
Point(12) = {15.000000, 0.000000, 10.000000, 5.000000};
Point(13) = {14.174354, -4.907920, 10.000000, 5.000000};
Line(9) = {10, 11};
Line(10) = {11, 13};
Line(11) = {13, 12};
Line(12) = {12, 10};
Point(14) = {10.606602, -10.606602, 0.0, 5.000000};
Point(15) = {6.552358, -13.493206, 0.0, 5.000000};
Point(16) = {10.606602, -10.606602, 10.000000, 5.000000};
Point(17) = {6.552358, -13.493206, 10.000000, 5.000000};
Line(13) = {14, 15};
Line(14) = {15, 17};
Line(15) = {17, 16};
Line(16) = {16, 14};
Point(18) = {0.000000, -15.000000, 0.0, 5.000000};
Point(19) = {-4.907920, -14.174354, 0.0, 5.000000};
Point(20) = {0.000000, -15.000000, 10.000000, 5.000000};
Point(21) = {-4.907920, -14.174354, 10.000000, 5.000000};
Line(17) = {18, 19};
Line(18) = {19, 21};
Line(19) = {21, 20};
Line(20) = {20, 18};
Point(22) = {-10.606602, -10.606602, 0.0, 5.000000};
Point(23) = {-13.493206, -6.552358, 0.0, 5.000000};
Point(24) = {-10.606602, -10.606602, 10.000000, 5.000000};
Point(25) = {-13.493206, -6.552358, 10.000000, 5.000000};
Line(21) = {22, 23};
Line(22) = {23, 25};
Line(23) = {25, 24};
Line(24) = {24, 22};
Point(26) = {-15.000000, -0.000000, 0.0, 5.000000};
Point(27) = {-14.174354, 4.907920, 0.0, 5.000000};
Point(28) = {-15.000000, -0.000000, 10.000000, 5.000000};
Point(29) = {-14.174354, 4.907920, 10.000000, 5.000000};
Line(25) = {26, 27};
Line(26) = {27, 29};
Line(27) = {29, 28};
Line(28) = {28, 26};
Point(30) = {-10.606602, 10.606602, 0.0, 5.000000};
Point(31) = {-6.552358, 13.493206, 0.0, 5.000000};
Point(32) = {-10.606602, 10.606602, 10.000000, 5.000000};
Point(33) = {-6.552358, 13.493206, 10.000000, 5.000000};
Line(29) = {30, 31};
Line(30) = {31, 33};
Line(31) = {33, 32};
Line(32) = {32, 30};
Circle(33) = {3, 1, 6};
Circle(34) = {7, 1, 10};
Circle(35) = {11, 1, 14};
Circle(36) = {15, 1, 18};
Circle(37) = {19, 1, 22};
Circle(38) = {23, 1, 26};
Circle(39) = {27, 1, 30};
Circle(40) = {31, 1, 2};
Line Loop (1) = {1, 33, 5, 34, 9, 35, 13, 36, 17, 37, 21, 38, 25, 39, 29, 40};
Plane Surface(1) = {1};
