Point(33) = {0.0, 0.0, 0.0, 0.050000};
Point(1) = {0.000000, 0.075000, 0.0, 0.050000};
Point(2) = {0.014632, 0.073559, 0.0, 0.050000};
Line(1) = {1, 2};
Point(3) = {0.028701, 0.069291, 0.0, 0.050000};
Line(2) = {2, 3};
Point(4) = {0.041668, 0.062360, 0.0, 0.050000};
Line(3) = {3, 4};
Point(5) = {0.053033, 0.053033, 0.0, 0.050000};
Line(4) = {4, 5};
Point(6) = {0.062360, 0.041668, 0.0, 0.050000};
Line(5) = {5, 6};
Point(7) = {0.069291, 0.028701, 0.0, 0.050000};
Line(6) = {6, 7};
Point(8) = {0.073559, 0.014632, 0.0, 0.050000};
Line(7) = {7, 8};
Point(9) = {0.075000, 0.000000, 0.0, 0.050000};
Line(8) = {8, 9};
Point(10) = {0.073559, -0.014632, 0.0, 0.050000};
Line(9) = {9, 10};
Point(11) = {0.069291, -0.028701, 0.0, 0.050000};
Line(10) = {10, 11};
Point(12) = {0.062360, -0.041668, 0.0, 0.050000};
Line(11) = {11, 12};
Point(13) = {0.053033, -0.053033, 0.0, 0.050000};
Line(12) = {12, 13};
Point(14) = {0.041668, -0.062360, 0.0, 0.050000};
Line(13) = {13, 14};
Point(15) = {0.028701, -0.069291, 0.0, 0.050000};
Line(14) = {14, 15};
Point(16) = {0.014632, -0.073559, 0.0, 0.050000};
Line(15) = {15, 16};
Point(17) = {-0.000000, -0.075000, 0.0, 0.050000};
Line(16) = {16, 17};
Point(18) = {-0.014632, -0.073559, 0.0, 0.050000};
Line(17) = {17, 18};
Point(19) = {-0.028701, -0.069291, 0.0, 0.050000};
Line(18) = {18, 19};
Point(20) = {-0.041668, -0.062360, 0.0, 0.050000};
Line(19) = {19, 20};
Point(21) = {-0.053033, -0.053033, 0.0, 0.050000};
Line(20) = {20, 21};
Point(22) = {-0.062360, -0.041668, 0.0, 0.050000};
Line(21) = {21, 22};
Point(23) = {-0.069291, -0.028701, 0.0, 0.050000};
Line(22) = {22, 23};
Point(24) = {-0.073559, -0.014632, 0.0, 0.050000};
Line(23) = {23, 24};
Point(25) = {-0.075000, 0.000000, 0.0, 0.050000};
Line(24) = {24, 25};
Point(26) = {-0.073559, 0.014632, 0.0, 0.050000};
Line(25) = {25, 26};
Point(27) = {-0.069291, 0.028701, 0.0, 0.050000};
Line(26) = {26, 27};
Point(28) = {-0.062360, 0.041668, 0.0, 0.050000};
Line(27) = {27, 28};
Point(29) = {-0.053033, 0.053033, 0.0, 0.050000};
Line(28) = {28, 29};
Point(30) = {-0.041668, 0.062360, 0.0, 0.050000};
Line(29) = {29, 30};
Point(31) = {-0.028701, 0.069291, 0.0, 0.050000};
Line(30) = {30, 31};
Point(32) = {-0.014632, 0.073559, 0.0, 0.050000};
Line(31) = {31, 32};
Line(32) = {32, 1};
Line Loop (1) = {1 , 2, 3, 4, 5, 6, 7, 8, 9, 10, 11, 12, 13, 14, 15, 16, 17, 18, 19, 20, 21, 22, 23, 24, 25, 26, 27, 28, 29, 30, 31, 32};
Plane Surface(1) = {1};
Point{33} In Surface{1};
